2, 1, 69345732

615574353, 114342928
4, 63223541
5, 61299691
6, 67683492
7, 70791539
8, 74134869
9, 71171198
10, 83688240
11, 72016111
12, 91985136
13, 75810100
14, 80363670
15, 62158676
16, 60898285
17, 64479361
18, 62202556
19, 61054157
20, 65209546
21, 66795035
22, 66964506
23, 66590101
24, 67513007
25, 227098860
26, 157471673
27, 197458796
28, 152807721
29, 68516311
30, 131349097
31, 166372670
32, 64993544















1, 0,52374, 0,95467216557834
2, 0,829299, 0,602918850740203
3, 0,4658357, 1,07333980628793
4, 0,5138474, 0,973051532419936
5, 0,4867401, 1,02724225926732
6, 1,0462771, 0,477884873901952
7, 0,9715233, 0,514655695854129
8, 0,6386017, 0,782960646675385
9, 0,6934653, 0,721016610348059
10, 0,6512451, 0,767760095239104
11, 1,55782, 0,320961343415799
12, 1,236356, 0,40441426255868
13, 1,13399, 0,440920995775977
14, 1,192543, 0,419272093333322s
15, 1,0860014, 0,460404563014375
16, 1,216061, 0,41116358472149
17, 1,520288, 0,328885053358311
18, 1,184984, 0,421946625439668
19, 0,9932, 0,503423278292388
20, 1,129664, 0,442609483881933
21, 1,351736, 0,369894713168844
22, 1,003496, 0,498258089718345
23, 1,26272, 0,395970603142423
24, 1,108264, 0,451156042242643
25, 1,579256, 0,316604780985477
26, 1,352664, 0,36964094557111
27, 1,181584, 0,423160774011835
28, 1,715464, 0,291466332141042
29, 1,511984, 0,330691330066985
30, 1,405896, 0,355645083277853
31, 1,633744, 0,306045500396635
32, 1,624152, 0,307852959575212





1, 0.52374, 0.954672165
2, 0.829299, 0.6029188507
3, 0.4658357, 1.073339806
4, 0.5138474, 0.9730515324
5, 0.4867401, 1.027242259
6, 1.0462771, 0.4778848739
7, 0.9715233, 0.5146556958
8, 0.6386017, 0.7829606466
9, 0.6934653, 0.7210166103
10, 0.6512451, 0.7677600952
11, 1.55782, 0.3209613434
12, 1.236356, 0.404414262
13, 1.13399, 0.4409209957
14, 1.192543, 0.4192720933
15, 1.0860014, 0.4604045630
16, 1.216061, 0.411163584
17, 1.520288, 0.3288850533
18, 1.184984, 0.4219466254
19, 0.9932, 0.5034232782
20, 1.129664, 0.4426094838
21, 1.351736, 0.3698947131
22, 1.003496, 0.4982580897
23, 1.26272, 0.3959706031
24, 1.108264, 0.4511560422
25, 1.579256, 0.3166047809
26, 1.352664, 0.369640945
27, 1.181584, 0.4231607740
28, 1.715464, 0.2914663321
29, 1.511984, 0.3306913300
30, 1.405896, 0.3556450832
31, 1.633744, 0.3060455
32, 1.624152, 0.30785295










1, 54068, 40,607
2, 55114, 38,356
3, 60767, 34,48
4, 59198, 31,647
5, 62315, 27,404
6, 67596, 31,032
7, 71687, 29,752
8, 65273, 27,087
9, 69806, 26,095
10, 68714, 25,022
11, 75117, 26,543
12, 69023, 27,646
13, 67919, 26,948
14, 94610, 28,809
15, 83854, 26,941
16, 75206, 22,346
17, 72716, 25,199
18, 74344, 22,733
19, 83247, 25,708
20, 75519, 26,826
21, 88493, 22,276
22, 94037, 26,119
23, 82801, 24,113
24, 81638, 24,656
25, 86650, 21,899
26, 105533, 21,625
27, 83548, 23,264
28, 106896, 25,263
29, 84649, 24,136
30, 95864, 24,739
31, 93218, 21,312
32, 94477, 22,264





1, 54068, 40.607
2, 55114, 38.356
3, 60767, 34.48
4, 59198, 31.647
5, 62315, 27.404
6, 67596, 31.032
7, 71687, 29.752
8, 65273, 27.087
9, 69806, 26.095
10, 68714, 25.022
11, 75117, 26.543
12, 69023, 27.646
13, 67919, 26.948
14, 94610, 28.809
15, 83854, 26.941
16, 75206, 22.346
17, 72716, 25.199
18, 74344, 22.733
19, 83247, 25.708
20, 75519, 26.826
21, 88493, 22.276
22, 94037, 26.119
23, 82801, 24.113
24, 81638, 24.656
25, 86650, 21.899
26, 105533, 21.625
27, 83548, 23.264
28, 106896, 25.263
29, 84649, 24.136
30, 95864, 24.739
31, 93218, 21.312
32, 94477, 22.264
